100
30
68
3
31
100
17
71
73
47
76
66
8
74
16
65
64
68
77
83
39
76
2
37
79
8
47
55
9
32
61
18
51
92
14
66
22
93
26
93
31
62
14
97
67
35
33
50
37
73
22
81
86
39
37
18
31
23
6
95
9
84
78
94
88
73
80
56
27
80
81
99
58
76
25
64
10
65
84
36
51
82
4
73
38
17
16
46
61
43
42
31
69
79
89
56
16
81
90
11
48
62
59
50
65
52
40
9
79
19
8
58
36
6
26
12
26
24
79
20
93
54
15
93
2
57
60
82
62
4
4
43
17
0
22
11
66
33
54
87
85
53
54
6
23
35
34
9
64
39
58
38
47
66
43
79
7
25
44
68
96
84
0
2
54
17
61
53
9
40
29
33
47
47
41
11
0
95
59
51
70
91
23
87
92
0
35
90
15
35
49
42
70
76
27
82
77
84
32
20
16
3
78
23
16
79
73
72
47
35
98
2
77
29
98
66
27
23
27
8
92
55
73
63
66
62
77
40
79
1
8
82
6
83
66
85
5
41
36
67
4
2
99
1
86
31
11
91
74
41
23
78
100
16
62
92
99
54
61
58
98
0
44
54
98
57
21
99
74
83
47
42
44
85
6
40
43
65
34
37
74
9
26
25
23
67
29
7
20
54
87
62
55
56
70
65
37
52
21
54
3
69
8
13
58
31
23
99
96
93
50
25
80
99
98
98
66
70
82
73
96
99
52
80
43
96
69
75
100
74
1
20
76
58
33
82
83
80
73
38
97
57
88
98
4
97
46
21
88
70
58
19
75
88
5
58
62
57
47
18
78
66
27
65
83
62
27
62
63
2
67
17
74
61
65
79
6
98
21
49
60
20
2
42
72
77
40
73
91
19
10
84
63
45
74
55
42
63
67
33
61
76
49
14
12
89
89
58
52
38
22
29
36
32
87
90
34
55
24
44
71
60
9
43
93
26
75
53
2
95
59
37
73
95
1
47
55
18
67
56
48
70
67
72
59
79
56
5
89
44
14
100
42
50
28
71
86
94
99
26
48
81
64
65
39
47
63
76
56
51
5
56
18
29
21
68
58
82
38
69
45
50
90
26
68
79
85
2
95
92
30
61
23
41
38
28
82
72
83
59
55
50
97
53
18
46
56
4
47
27
99
61
60
20
90
54
27
58
53
25
52
91
89
24
63
99
14
20
70
56
80
79
61
64
33
28
75
90
19
92
69
4
62
1
35
52
52
89
10
14
8
62
98
34
54
12
69
95
48
98
17
13
92
63
78
77
69
31
63
47
91
51
58
81
90
52
92
92
51
44
74
63
17
38
43
66
89
26
83
14
45
9
33
86
21
26
44
19
65
9
33
19
68
91
41
31
5
5
94
22
33
16
97
90
94
86
59
39
68
83
52
65
33
30
98
14
10
90
66
7
96
69
83
46
77
66
69
51
93
68
29
50
87
43
11
36
95
34
64
89
82
40
63
10
18
1
19
37
6
76
32
59
47
23
43
74
81
85
40
80
97
81
60
59
76
69
18
72
64
51
18
86
98
50
63
47
47
24
56
3
19
13
7
74
13
33
0
42
86
67
19
60
14
2
4
8
73
97
93
86
99
45
69
80
68
44
92
99
10
64
40
45
54
8
100
77
59
85
51
4
3
44
6
79
38
4
97
45
83
4
94
24
49
79
23
35
77
59
54
78
6
75
51
32
76
40
28
44
17
42
68
3
88
8
16
99
16
57
43
1
20
4
4
43
31
25
63
0
66
56
42
44
97
64
69
83
24
85
67
3
16
18
31
4
52
1
43
20
28
11
0
59
72
73
26
96
29
57
52
56
9
23
43
0
13
52
14
38
1
64
29
93
87
22
94
62
26
92
41
81
21
79
14
54
37
55
30
70
4
41
88
10
24
29
52
69
94
74
34
49
19
35
15
68
75
45
63
89
64
99
29
91
56
85
29
10
67
84
94
37
35
40
6
22
47
48
32
69
55
1
11
11
66
95
69
38
3
61
53
98
21
87
64
79
84
58
100
81
17
3
61
22
57
47
14
31
97
27
14
22
29
4
7
15
20
27
28
15
69
0
17
38
72
31
29
49
49
29
75
55
10
8
49
24
16
41
86
44
9
46
57
29
55
71
46
76
85
85
81
14
12
88
66
77
41
67
56
3
77
90
71
54
57
2
27
72
92
51
23
3
8
90
28
54
47
28
75
27
69
0
32
12
65
95
59
20
68
17
14
96
86
1
47
62
78
77
1
71
55
17
27
3
8
61
67
46
98
40
64
20
89
77
87
96
76
52
15
42
17
85
57
23
2
61
16
19
35
63
59
43
65
16
79
14
79
62
13
26
71
12
58
62
45
62
88
85
65
7
6
96
44
47
54
73
22
11
49
86
100
45
7
28
45
43
59
8
61
15
34
28
12
58
35
53
21
98
60
82
35
41
43
79
19
74
83
23
33
13
30
66
7
33
1
73
55
95
64
4
82
85
41
42
49
9
27
97
13
53
70
5
27
26
66
44
88
82
73
56
61
53
45
35
11
80
82
15
7
53
87
100
49
81
81
33
9
24
7
19
9
0
30
54
48
55
23
59
93
83
69
32
48
25
91
88
76
91
65
41
11
6
29
23
94
1
53
7
22
18
56
20
92
40
22
57
62
41
57
58
31
50
81
19
41
94
56
88
76
6
55
6
2
66
17
92
31
89
85
44
62
69
52
71
33
51
21
87
70
53
9
68
74
22
96
51
56
3
4
31
26
57
91
61
9
93
34
52
60
47
3
83
2
6
61
10
30
24
58
41
15
0
67
73
96
7
61
77
64
9
67
69
71
10
22
84
16
29
2
33
72
56
12
55
63
61
66
79
73
65
99
0
57
30
62
93
70
87
91
70
44
63
17
22
61
100
42
50
6
26
75
91
58
23
43
68
14
20
25
39
1
6
99
58
96
53
37
19
7
87
45
79
24
26
71
23
14
54
26
77
22
39
71
41
92
77
50
68
19
47
15
82
92
31
13
97
61
84
64
22
82
51
20
16
71
93
94
72
86
74
88
21
22
20
46
0
0
38
6
58
79
12
8
43
94
46
26
31
37
3
79
59
92
46
45
15
17
33
94
36
13
67
99
51
80
99
56
56
38
38
91
62
33
63
0
6
22
54
50
86
59
76
85
26
7
61
57
88
33
1
1
18
48
66
40
89
70
71
12
72
52
5
96
59
80
44
61
67
48
58
45
26
3
67
88
44
87
42
83
87
60
24
74
7
25
68
4
18
66
83
18
57
16
7
82
64
29
48
38
25
6
96
33
4
77
9
29
71
50
43
90
82
66
54
89
67
2
62
62
12
40
58
94
82
34
1
13
94
76
8
87
41
78
35
96
75
7
1
93
54
31
9
41
38
61
70
1
99
49
26
80
86
5
13
8
86
64
44
75
98
17
88
6
79
29
17
10
51
95
38
29
26
33
3
0
85
13
29
36
15
78
82
72
10
33
2
16
9
72
78
17
80
16
58
19
72
93
62
65
64
49
6
47
44
76
88
44
13
1
39
93
20
88
5
18
56
13
85
43
39
42
3
14
21
24
74
13
63
69
36
98
32
37
53
36
5
52
77
31
53
0
89
59
64
18
92
85
44
37
97
0
33
27
99
12
28
16
16
62
57
90
27
25
75
60
23
34
73
31
39
96
82
7
35
66
73
65
0
86
7
49
48
77
88
33
89
19
9
22
3
96
80
47
24
2
90
67
58
42
22
45
83
96
11
76
58
55
68
49
49
29
38
3
30
43
92
4
20
19
100
37
10
74
22
83
82
48
5
7
97
85
7
45
87
81
18
41
89
52
84
88
78
94
18
16
48
91
68
30
71
100
78
41
13
39
8
73
10
55
98
59
20
24
79
89
3
22
10
67
93
100
33
56
66
45
27
62
39
3
79
0
97
87
88
22
66
58
66
62
33
39
38
88
6
7
27
0
23
24
93
13
1
43
63
67
56
48
90
30
19
81
82
10
31
47
92
53
43
54
6
33
100
89
25
72
94
17
54
73
70
79
26
69
15
25
100
40
59
89
32
55
14
91
52
24
0
99
75
82
100
40
96
20
8
97
1
71
55
60
59
46
10
27
93
3
19
86
1
88
75
96
48
65
38
67
52
42
48
55
35
55
8
52
16
34
14
95
66
29
8
20
39
54
54
12
16
27
5
55
51
99
0
54
82
64
2
25
38
63
26
5
11
92
51
88
13
92
74
53
83
6
12
34
42
83
99
26
33
75
23
55
69
32
18
86
57
35
100
17
99
92
94
81
48
94
31
49
20
61
64
28
62
14
25
52
3
0
60
4
46
27
64
33
92
27
87
22
53
62
28
8
22
66
41
41
67
43
56
93
3
96
44
42
72
33
95
67
42
17
67
42
96
90
83
83
57
22
91
97
90
44
4
32
19
60
26
69
9
99
61
59
26
86
62
94
96
58
87
96
16
71
14
70
67
17
79
69
86
2
79
38
32
27
83
98
78
58
89
57
95
68
48
70
62
4
63
85
10
32
78
2
80
35
64
7
53
29
92
96
77
78
83
36
99
30
88
14
6
96
25
76
97
95
67
3
31
98
92
55
97
17
47
4
20
79
40
22
37
92
43
54
10
2
79
15
15
81
78
47
94
61
46
84
71
76
63
61
13
61
94
20
75
62
20
79
76
10
14
72
69
48
92
54
15
32
1
91
73
69
35
84
42
46
67
64
4
41
12
75
95
98
77
8
67
8
54
65
43
35
83
93
4
48
4
72
56
7
82
75
2
22
87
72
29
11
79
60
58
11
9
9
60
96
84
83
67
82
74
64
30
63
89
87
6
19
22
16
93
9
99
83
37
70
85
56
60
34
2
66
95
3
33
51
36
22
8
95
95
79
26
69
16
82
89
44
81
17
46
9
42
19
97
48
65
2
32
5
13
73
80
92
35
88
84
13
5
85
22
76
37
49
54
6
85
58
33
89
46
85
41
62
29
61
88
29
93
10
60
38
66
42
30
54
9
39
33
16
46
96
35
92
94
62
85
61
86
46
56
5
44
76
15
84
19
38
34
14
60
84
44
43
51
84
85
27
7
35
47
88
70
79
60
16
3
28
78
61
42
12
33
70
7
16
11
36
39
94
100
44
98
47
19
42
75
35
77
28
40
4
37
25
72
60
97
92
19
30
74
73
26
10
71
47
69
19
81
73
49
71
89
90
23
37
35
61
23
7
48
66
0
69
25
95
9
35
96
29
33
93
99
85
82
70
33
50
76
50
26
84
48
57
8
46
70
45
35
64
77
15
74
52
81
43
98
56
71
4
36
69
90
91
82
47
68
18
60
98
8
0
8
72
52
21
84
12
16
4
78
86
11
63
37
32
87
78
8
76
88
96
83
22
14
65
64
17
79
87
45
13
26
19
100
85
35
19
70
57
82
84
65
73
16
51
85
20
88
6
20
17
57
27
71
6
55
40
4
97
89
15
54
76
52
64
14
34
97
54
53
69
36
13
69
67
66
17
74
29
73
54
40
47
22
1
90
18
100
46
74
45
61
78
72
46
60
44
18
45
42
73
79
49
9
62
97
52
22
29
1
90
31
100
80
35
61
92
80
56
89
18
83
45
31
94
9
8
92
16
75
81
91
64
25
86
89
46
59
61
10
97
50
69
92
96
39
21
14
64
0
14
30
39
72
41
52
13
38
84
4
73
51
89
59
55
75
74
47
91
46
54
23
9
45
59
0
84
61
33
88
51
33
9
48
57
1
43
7
61
82
10
65
40
93
63
73
88
23
70
12
51
78
37
20
56
53
68
74
4
65
53
50
84
74
28
61
75
81
42
65
16
81
66
92
20
47
98
56
48
26
65
50
18
80
85
12
55
60
73
33
44
88
100
77
36
59
33
10
89
52
46
26
23
65
67
51
78
37
59
75
20
27
17
13
20
56
6
6
75
88
79
14
35
55
72
98
61
1
3
44
0
15
95
97
21
93
16
49
30
63
96
94
9
87
97
25
38
76
64
33
26
42
25
89
27
60
17
44
31
69
46
88
92
83
34
51
90
69
83
73
98
86
66
45
32
46
14
86
18
29
83
29
98
26
52
76
80
84
45
86
52
58
87
11
71
77
91
30
71
19
93
74
70
65
49
0
84
54
37
73
31
36
31
85
73
30
24
100
57
90
43
78
81
12
97
63
89
56
95
10
2
35
17
91
82
98
33
86
69
74
86
71
72
48
60
12
76
72
36
89
81
14
95
37
56
21
57
96
15
58
21
95
99
22
27
91
30
47
45
12
59
74
63
60
42
21
0
55
19
31
35
33
52
61
37
26
1
35
68
91
33
66
17
76
20
98
23
51
15
20
3
90
96
98
69
24
81
3
3
49
40
14
24
61
64
39
64
24
81
21
40
84
9
97
65
11
28
34
83
71
56
99
96
92
50
58
86
40
10
53
78
38
68
15
8
98
38
87
32
52
84
87
71
0
23
91
20
40
34
76
68
98
50
78
5
23
18
3
77
96
3
20
43
91
16
32
11
43
64
60
82
15
68
90
65
71
47
4
17
60
35
54
20
76
64
25
7
99
29
96
79
23
12
27
42
62
16
62
48
83
77
32
65
16
43
70
50
19
12
39
96
62
51
75
99
30
33
12
40
43
49
81
80
4
79
82
47
32
32
49
91
99
91
31
98
82
100
88
38
81
74
80
44
54
39
15
34
14
71
6
94
73
71
58
70
9
39
39
46
10
69
97
37
43
79
80
6
82
43
27
20
17
21
67
81
42
9
61
31
49
19
58
49
60
1
24
52
59
21
79
77
99
64
9
60
17
12
90
29
13
98
78
50
21
95
20
1
14
28
68
24
31
2
79
43
27
69
68
100
70
32
100
29
50
44
40
43
18
38
69
61
26
29
100
66
50
90
84
44
42
50
46
92
42
62
82
47
11
58
11
19
44
30
34
90
98
89
59
60
55
94
94
52
46
100
39
35
70
46
43
80
81
73
51
60
7
24
98
28
42
78
66
84
19
76
50
4
19
12
87
78
50
43
72
35
70
20
74
47
17
87
91
47
70
85
89
44
74
19
55
87
8
80
30
9
34
4
23
10
53
21
49
51
66
26
8
72
20
42
88
51
25
42
7
85
37
50
89
52
78
63
22
50
34
6
60
33
30
81
52
94
63
16
72
88
19
23
63
96
0
14
58
58
70
4
37
22
88
45
47
39
53
62
17
81
19
31
3
14
86
4
12
30
18
5
68
20
61
7
19
75
52
72
60
59
24
63
9
62
38
41
42
61
59
8
52
98
32
96
17
85
31
78
15
67
100
38
89
7
31
46
68
100
70
30
86
10
57
88
71
4
78
89
93
14
78
1
65
50
63
33
75
15
94
47
60
73
5
95
46
99
18
69
24
48
10
53
58
10
68
99
65
51
16
6
18
61
47
79
59
28
57
37
39
29
73
90
71
15
57
53
71
52
18
4
16
55
82
3
16
74
24
60
46
59
55
89
9
8
52
13
34
50
60
79
76
14
52
83
39
21
92
47
80
56
9
74
40
17
17
26
56
23
59
4
12
5
27
53
96
78
80
19
8
23
2
34
27
71
54
44
17
52
99
27
23
15
88
8
29
93
56
41
21
61
4
80
36
56
56
96
12
53
28
24
21
74
77
58
19
47
0
56
40
83
12
22
19
97
43
8
44
66
50
69
30
22
17
86
65
65
79
55
22
17
52
42
4
20
52
52
19
49
39
26
16
66
1
17
84
48
52
2
25
99
66
48
73
21
78
69
21
17
75
98
65
13
34
86
45
26
86
39
55
52
39
38
94
45
87
23
76
27
29
46
61
53
53
66
99
66
20
60
10
40
61
85
43
63
64
48
79
32
41
21
23
21
74
69
16
75
61
98
2
94
6
40
94
15
76
84
41
87
39
50
17
36
37
33
51
8
60
2
5
28
49
81
94
27
38
9
29
1
4
94
93
18
72
46
76
1
87
64
58
0
32
49
22
1
89
60
85
85
38
100
71
60
20
6
43
19
84
10
44
85
27
2
48
53
81
26
68
85
38
49
4
30
4
29
62
85
44
71
54
20
70
89
28
15
15
12
83
2
14
61
50
72
29
13
78
42
55
60
19
51
37
60
7
96
20
78
75
47
57
56
50
33
62
39
37
3
23
55
53
31
85
70
69
83
61
4
5
54
18
90
1
8
81
13
44
48
24
79
54
3
95
42
71
80
32
19
20
100
69
61
37
21
59
34
91
29
38
43
65
57
3
84
21
63
8
84
80
97
64
51
38
1
30
98
29
64
63
24
15
57
72
75
11
23
74
12
7
0
23
3
55
25
98
89
74
59
90
58
47
4
26
57
42
90
32
67
80
70
32
9
47
27
77
4
73
77
66
99
65
93
22
45
100
8
50
80
63
23
73
18
29
54
36
81
25
35
76
22
0
53
44
6
25
40
70
81
34
47
13
8
57
89
16
27
95
39
68
38
82
9
3
8
93
55
49
92
3
53
45
50
70
71
48
25
28
26
32
99
41
26
54
9
86
51
44
29
46
69
59
52
85
2
54
88
63
66
31
8
56
19
18
28
81
85
22
44
19
64
16
66
40
42
78
88
37
92
92
69
17
58
85
9
99
83
76
89
80
86
71
69
81
51
51
64
24
51
19
13
91
19
80
100
68
93
62
31
76
59
37
67
74
79
41
56
72
61
42
67
50
7
1
5
65
12
8
77
52
74
38
56
70
95
73
30
63
17
24
27
52
11
99
74
72
20
73
43
71
25
55
23
14
27
81
23
100
63
56
59
89
23
88
50
55
64
13
26
0
89
8
57
60
23
57
64
52
25
45
67
23
18
78
71
63
74
21
51
63
39
58
60
69
6
62
67
83
39
1
60
69
53
85
16
93
85
92
77
88
2
33
12
92
67
25
65
79
99
50
87
34
51
36
55
51
5
37
23
91
22
74
76
4
39
15
0
26
68
11
14
88
94
10
48
27
61
30
29
97
92
15
18
40
92
73
97
84
31
29
88
76
86
46
25
59
59
45
47
72
40
36
37
4
63
46
87
35
39
68
4
54
96
93
28
7
9
49
91
60
2
22
80
27
30
7
81
48
92
43
38
29
36
16
68
78
100
95
74
86
90
91
27
29
27
31
46
12
95
14
94
90
37
40
16
64
8
36
53
52
100
69
64
0
97
67
61
41
18
51
96
93
38
48
0
23
8
68
27
37
1
50
92
25
66
76
86
55
13
40
66
66
25
33
88
66
51
54
98
71
4
77
38
51
8
61
15
91
9
27
64
13
83
14
98
5
26
46
63
56
34
79
29
26
18
33
39
10
34
17
89
5
57
85
18
99
58
14
73
29
31
76
91
100
35
76
44
57
43
14
68
21
96
23
91
38
66
4
77
62
39
53
96
47
70
25
90
24
17
97
73
5
31
46
87
5
94
0
48
33
98
12
49
7
6
89
44
80
9
13
1
17
2
43
76
48
77
17
68
36
61
99
80
23
78
61
3
71
63
43
20
31
75
84
4
94
47
88
54
97
28
59
17
3
58
82
32
70
3
98
6
66
51
15
61
99
79
65
76
26
92
91
90
85
45
19
23
64
88
10
78
97
1
4
14
52
91
26
29
91
6
34
18
78
31
1
52
0
63
34
33
81
88
77
87
48
53
8
83
37
43
50
35
89
66
1
1
82
61
98
86
48
90
80
34
57
94
32
59
100
91
85
9
48
27
21
84
5
45
65
67
57
22
3
74
85
99
69
22
95
34
25
90
7
39
47
21
17
81
89
73
75
22
29
20
46
45
26
93
43
35
94
56
80
84
47
0
78
92
52
62
23
80
40
1
47
45
31
91
46
85
0
67
33
2
39
91
84
62
38
21
60
97
35
48
32
72
86
87
5
47
31
5
85
87
30
55
71
63
29
89
86
14
76
63
29
45
91
89
53
42
22
98
98
62
72
94
13
0
29
0
21
35
8
16
53
40
92
93
0
3
84
83
46
7
21
89
80
54
6
57
30
10
1
44
47
28
10
66
16
6
5
25
37
19
65
73
10
76
21
13
18
54
71
39
10
7
90
0
78
66
31
76
46
83
65
89
38
81
49
89
97
85
80
1
48
44
22
71
11
35
77
72
25
36
91
97
93
53
18
3
23
42
17
70
12
99
87
70
14
88
36
54
95
56
30
25
52
57
18
4
68
44
45
26
65
70
83
49
92
75
29
12
62
52
81
43
51
15
80
42
31
43
27
84
77
86
0
65
63
100
11
39
1
77
43
77
50
43
5
2
91
43
49
95
37
76
37
41
92
51
3
89
41
16
22
34
68
86
45
92
34
67
100
47
43
71
46
48
42
96
100
7
80
16
6
48
55
24
42
88
35
32
99
51
7
94
25
24
2
85
29
50
74
77
73
91
2
75
10
10
27
96
37
19
91
7
37
3
93
28
1
1
52
13
48
0
40
0
67
68
84
22
12
17
12
94
86
31
84
33
94
27
57
45
38
6
2
64
67
77
4
81
1
30
29
65
45
16
26
79
54
74
84
32
82
19
63
26
93
44
2
15
98
3
70
24
19
25
24
65
0
93
52
97
45
17
43
29
94
86
75
84
21
55
88
93
67
90
48
94
97
98
4
15
25
56
69
44
75
29
99
47
6
27
46
28
9
77
25
56
20
7
22
36
4
59
82
32
95
40
6
78
32
66
51
76
46
12
68
84
4
13
82
15
25
100
42
74
22
33
89
45
25
88
69
27
66
37
23
12
66
16
85
48
19
5
49
14
64
60
92
53
15
24
58
32
4
83
92
40
28
35
6
31
57
7
90
89
60
47
2
98
95
56
63
90
44
46
57
51
28
89
49
23
50
72
73
57
86
99
91
89
73
78
45
91
70
52
90
58
89
84
43
26
40
70
79
39
67
33
100
43
59
94
34
46
26
7
48
41
10
84
25
41
44
72
97
93
35
87
33
59
83
48
38
28
52
27
24
59
25
5
100
42
2
34
97
22
26
25
88
77
38
69
58
42
49
50
9
2
21
67
82
39
64
75
97
44
31
61
22
33
44
75
95
27
0
22
71
24
40
34
70
92
92
39
35
35
35
51
69
54
4
77
99
93
5
60
94
6
65
42
50
52
76
82
42
35
62
60
7
87
48
57
2
24
49
93
20
24
17
62
11
71
74
41
12
52
62
90
57
77
34
82
58
88
68
28
42
17
47
36
18
9
9
38
90
7
12
20
73
89
10
33
96
49
34
49
70
48
27
63
71
70
27
29
37
16
53
98
5
46
89
72
59
62
90
8
34
0
100
95
17
83
98
73
7
67
27
50
98
94
23
39
24
33
41
93
59
67
86
96
47
82
98
30
10
21
67
78
50
0
45
91
