10
15
25
99
34
70
39
29
42
58
46
70
92
23
91
25
65
59
78
45
90
90
29
42
34
35
62
41
55
21
25
88
98
34
26
46
69
35
48
21
29
15
21
72
69
42
77
81
6
0
49
48
60
81
2
87
36
22
21
43
68
20
57
7
49
87
23
48
96
80
92
96
72
18
100
62
84
49
3
20
1
97
28
83
2
27
72
97
99
44
89
40
85
48
74
91
14
39
92
88
7
5
69
57
24
14
14
27
54
8
78
62
19
15
48
11
17
57
15
8
97
29
69
9
25
68
33
56
31
26
75
82
59
46
29
90
59
5
43
9
48
5
76
100
49
9
63
23
26
27
44
8
89
46
79
7
75
8
32
12
18
98
97
100
99
21
4
19
86
75
97
57
93
10
70
1
13
40
44
8
60
42
51
33
79
5
62
76
86
46
50
22
60
64
43
52
1
11
36
27
3
54
10
80
89
37
75
11
25
4
67
56
13
24
26
98
88
0
53
37
67
56
95
18
63
73
40
85
6
2
99
79
37
28
81
72
81
48
87
63
40
16
47
39
33
18
59
33
100
3
100
7
11
79
67
26
12
17
69
69
57
90
32
67
79
14
100
1
87
64
94
8
39
89
86
22
51
7
5
58
83
72
36
32
40
44
23
70
91
94
62
80
86
19
83
57
78
24
76
79
92
35
21
22
6
58
50
31
4
36
1
43
42
31
84
60
92
58
50
93
26
82
66
81
91
70
57
2
92
17
71
5
39
12
97
35
90
88
24
88
88
94
77
28
8
84
75
13
56
36
15
38
36
7
77
53
8
47
48
80
27
57
73
75
69
39
6
51
66
64
99
0
17
52
0
55
7
30
22
22
16
83
93
94
6
10
70
14
13
78
34
40
41
17
81
57
67
81
75
21
16
32
49
98
1
90
91
13
56
49
59
65
4
99
37
79
21
46
96
80
0
44
28
79
33
71
91
27
39
49
27
93
69
81
6
9
74
70
12
68
25
44
83
63
84
80
96
22
91
53
95
99
30
66
21
6
31
71
45
48
76
74
0
28
23
23
7
38
27
4
52
12
8
24
84
1
88
48
13
96
78
14
63
52
44
20
99
49
14
92
91
47
51
40
5
12
81
18
31
54
77
40
83
85
69
76
29
3
4
44
59
99
77
89
2
98
9
45
35
44
46
29
91
39
25
9
44
51
